$ANSIBLE_VAULT;1.1;AES256
36356137663839353864316233393865336231326531656535653435383038356563653431663435
6338393635326235326663623333623862333135626562390a316231383630363361623961313363
66393237663837303764646262396665313638633439633836373932386138303330663538316238
3434343664333937330a653039373463303436363532366337613065353430363838656164363465
32653537383137316237303262623830626461363764313039623333343936303164306437303133
32663033353236313438636439646636326461653365626530663232636664363366613536336162
34306539326466643934653733323436353662346139656233646662363431356237613466333939
38383231383936366664326339646134393561333063623832306434323437646130356665353337
62303461643633373261626130396662646436393431333164383764643738353465636564623435
35373564303537303237346339303766313062653138613662613330303635633964633465316566
303137613531393632373065616632613035
